Time: 0.294240 Throughput: 10.195759
Time: 0.823670 Throughput: 3.642235
Time: 0.826440 Throughput: 3.630028